12497
12711
13629
13510
13703
13889
18866
25579
13229
13302
13366
14467
14421
14681
14876
20020
26962
12826
12828
13830
13925
14118
14301
19401
25957
12982
13504
13557
14691
14251
14496
14678
19836
26911
12983
26913
12984
13509
14697
14258
14498
14680
19838
26914
26684
27658
244
267
13250
13297
14376
14482
14712
14868
19979
26651
13621
26885
13391
13033
20137
26235
26886
13138
13114
14198
14303
14527
14708
19726
26377
26685
26686
153
13265
13180
14318
14521
14754
14939
20075
26285
12498
12712
13630
13511
13706
13890
18868
25580
13230
13303
13367
14468
14422
14683
14877
20021
26963
12827
12831
13831
13926
14119
14302
19402
25958
26687
12481
12503
12605
13439
13637
13791
13982
19019
25173
27662
269
13251
13298
14377
14483
14717
14869
19981
26652
13623
26888
13392
13034
20138
26236
26889
13139
13115
14199
14304
14528
14709
19727
26378
26688
26689
155
12761
25590
13264
13179
14317
14520
14753
14938
20074
26284
12621
12771
12847
13815
13901
14054
14248
19314
25758
